P 0
223.027240   222.659583
214.754954   214.448573
213.100497   212.801775
202.338866   201.879294
199.589096   199.298035
190.390008   189.999372
187.961939   187.494708
180.746668   179.896460
177.728815   177.338179
174.236072   173.753522
165.588470   165.228472
164.477839   164.156139
163.803801   163.505079
162.455724   161.781686
161.031053   160.663396
153.126424   152.804724
146.409022   146.049024
145.704345   145.352007
145.129881   144.746905
133.142726   132.798047
131.978478   131.503588
130.806571   130.469552
129.381900   129.075519
127.107021   126.762343
125.896816   125.299374
124.985333   124.671293
123.660235   123.376833
118.696864   118.321547
115.594757   115.296035
109.382883   109.068842
107.307152   106.970133
99.931030   99.555713
99.180397   98.575294
97.365090   97.028071
81.057963   80.743923
79.288613   78.890318
74.149072   73.842691
73.781415   73.436737
71.583132   71.292070
71.177177   70.618032
68.626556   68.320175
68.144006   67.653796
66.167848   65.547427
62.223194   61.618091
61.089584   60.675970
59.488744   59.182363
59.090448   58.217263
57.841946   57.512586
57.183227   56.601103
56.463232   56.149191
56.049617   55.681960
53.774739   53.414741
53.376443   51.821560
51.813901   51.484541
51.040289   50.726248
48.819027   47.256484
46.628403   46.299043
45.862450   45.548410
43.219915   42.599493
41.810562   41.305034
39.474407   38.593562
34.962948   34.572312
29.723833   29.394474
27.334062   26.751938
26.031943   25.587690
24.928971   24.438762
23.366429   23.021750
21.643036   21.298357
14.649890   14.320531
4.830381   4.478042
-11.147386   -11.484406
-14.632470   -15.275870
-20.966896   -21.495403
-22.223058   -22.629013
-23.234115   -23.846877
